,Country,Continent,Population,TotalCases,NewCases,TotalDeaths,NewDeaths,TotalRecovered,NewRecovered,ActiveCases,Serious,Tot Cases/1M pop,Deaths/1M pop,TotalTests,Tests/1M pop,WHO Region
0,USA,North America,331198130.0,5032179,0.0,162804.0,0.0,2576668.0,0.0,2292707.0,18296.0,15194.0,492.0,63139605.0,190640.0,Americas
1,Brazil,South America,212710692.0,2917562,0.0,98644.0,0.0,2047660.0,0.0,771258.0,8318.0,13716.0,464.0,13206188.0,62085.0,Americas
2,India,Asia,1381344997.0,2025409,0.0,41638.0,0.0,1377384.0,0.0,606387.0,8944.0,1466.0,30.0,22149351.0,16035.0,South-EastAsia
3,Russia,Europe,145940924.0,871894,0.0,14606.0,0.0,676357.0,0.0,180931.0,2300.0,5974.0,100.0,29716907.0,203623.0,Europe
4,South Africa,Africa,59381566.0,538184,0.0,9604.0,0.0,387316.0,0.0,141264.0,539.0,9063.0,162.0,3149807.0,53044.0,Africa
5,Mexico,North America,129066160.0,462690,6590.0,50517.0,819.0,308848.0,4140.0,103325.0,3987.0,3585.0,391.0,1056915.0,8189.0,Americas
6,Peru,South America,33016319.0,455409,0.0,20424.0,0.0,310337.0,0.0,124648.0,1426.0,13793.0,619.0,2493429.0,75521.0,Americas
7,Chile,South America,19132514.0,366671,0.0,9889.0,0.0,340168.0,0.0,16614.0,1358.0,19165.0,517.0,1760615.0,92022.0,Americas
8,Colombia,South America,50936262.0,357710,0.0,11939.0,0.0,192355.0,0.0,153416.0,1493.0,7023.0,234.0,1801835.0,35374.0,Americas
9,Spain,Europe,46756648.0,354530,0.0,28500.0,0.0,0.0,0.0,0.0,617.0,7582.0,610.0,7064329.0,151087.0,Europe
10,Iran,Asia,84097623.0,320117,0.0,17976.0,0.0,277463.0,0.0,24678.0,4156.0,3806.0,214.0,2612763.0,31068.0,EasternMediterranean
11,UK,Europe,67922029.0,308134,0.0,46413.0,0.0,0.0,0.0,0.0,73.0,4537.0,683.0,17515234.0,257873.0,Europe
12,Saudi Arabia,Asia,34865919.0,284226,0.0,3055.0,0.0,247089.0,0.0,34082.0,1915.0,8152.0,88.0,3635705.0,104277.0,EasternMediterranean
13,Pakistan,Asia,221295851.0,281863,0.0,6035.0,0.0,256058.0,0.0,19770.0,809.0,1274.0,27.0,2058872.0,9304.0,EasternMediterranean
14,Bangladesh,Asia,164851401.0,249651,0.0,3306.0,0.0,143824.0,0.0,102521.0,217.07892822966514,1514.0,20.0,1225124.0,7432.0,South-EastAsia
15,Italy,Europe,60452568.0,249204,0.0,35187.0,0.0,201323.0,0.0,12694.0,42.0,4122.0,582.0,7099713.0,117443.0,Europe
16,Turkey,Asia,84428331.0,237265,0.0,5798.0,0.0,220546.0,0.0,10921.0,580.0,2810.0,69.0,5081802.0,60191.0,Europe
17,Argentina,South America,45236884.0,228195,0.0,4251.0,0.0,99852.0,0.0,124092.0,1150.0,5044.0,94.0,794544.0,17564.0,Americas
18,Germany,Europe,83811260.0,215210,0.0,9252.0,0.0,196200.0,0.0,9758.0,236.0,2568.0,110.0,8586648.0,102452.0,Europe
19,France,Europe,65288306.0,195633,0.0,30312.0,0.0,82460.0,0.0,82861.0,384.0,2996.0,464.0,3992206.0,61147.0,Europe
20,Iraq,Asia,40306025.0,140603,0.0,5161.0,0.0,101025.0,0.0,34417.0,517.0,3488.0,128.0,1092741.0,27111.0,EasternMediterranean
21,Philippines,Asia,109722719.0,119460,0.0,2150.0,0.0,66837.0,0.0,50473.0,239.0,1089.0,20.0,1669996.0,15220.0,WesternPacific
22,Indonesia,Asia,273808365.0,118753,0.0,5521.0,0.0,75645.0,0.0,37587.0,217.07892822966514,434.0,20.0,1633156.0,5965.0,South-EastAsia
23,Canada,North America,37775022.0,118561,0.0,8966.0,0.0,103106.0,0.0,6489.0,2263.0,3139.0,237.0,4319172.0,114339.0,Americas
24,Qatar,Asia,2807805.0,112092,0.0,178.0,0.0,108831.0,0.0,3083.0,77.0,39922.0,63.0,511000.0,181993.0,EasternMediterranean
25,Kazakhstan,Asia,18798667.0,95942,0.0,1058.0,0.0,68871.0,0.0,26013.0,221.0,5104.0,56.0,2163713.0,115099.0,Europe
26,Egypt,Africa,102516525.0,95006,0.0,4951.0,0.0,48898.0,0.0,41157.0,41.0,927.0,48.0,135000.0,1317.0,EasternMediterranean
27,Ecuador,South America,17668824.0,90537,0.0,5877.0,0.0,71318.0,0.0,13342.0,378.0,5124.0,333.0,258582.0,14635.0,Americas
28,Bolivia,South America,11688459.0,86423,1282.0,3465.0,80.0,27373.0,936.0,55585.0,71.0,7394.0,296.0,183583.0,15706.0,Americas
29,Sweden,Europe,10105596.0,81967,0.0,5766.0,0.0,0.0,0.0,0.0,38.0,8111.0,571.0,863315.0,85429.0,Europe
30,Oman,Asia,5118446.0,80713,0.0,492.0,0.0,70910.0,0.0,9311.0,177.0,15769.0,96.0,309212.0,60411.0,EasternMediterranean
31,Israel,Asia,9197590.0,79559,0.0,576.0,0.0,53427.0,0.0,25556.0,358.0,8650.0,63.0,1872453.0,203581.0,Europe
32,Ukraine,Europe,43705858.0,76808,0.0,1819.0,0.0,42524.0,0.0,32465.0,158.0,1757.0,42.0,1116641.0,25549.0,Europe
33,Dominican Republic,North America,10858648.0,76536,0.0,1246.0,0.0,40539.0,0.0,34751.0,317.0,7048.0,115.0,281926.0,25963.0,Americas
34,Panama,North America,4321282.0,71418,0.0,1574.0,0.0,45658.0,0.0,24186.0,161.0,16527.0,364.0,240995.0,55769.0,Americas
35,Belgium,Europe,11594739.0,71158,0.0,9859.0,0.0,17661.0,0.0,43638.0,61.0,6137.0,850.0,1767120.0,152407.0,Europe
36,Kuwait,Asia,4276658.0,70045,0.0,469.0,0.0,61610.0,0.0,7966.0,127.0,16378.0,110.0,522200.0,122105.0,EasternMediterranean
37,Belarus,Europe,9449001.0,68503,0.0,580.0,0.0,63756.0,0.0,4167.0,217.07892822966514,7250.0,61.0,1344303.0,142269.0,Europe
38,UAE,Asia,9902079.0,61845,0.0,354.0,0.0,55739.0,0.0,5752.0,217.07892822966514,6246.0,36.0,5262658.0,531470.0,EasternMediterranean
39,Romania,Europe,19224023.0,57895,0.0,2566.0,0.0,28992.0,0.0,26337.0,458.0,3012.0,133.0,1319369.0,68631.0,Europe
40,Netherlands,Europe,17138756.0,56982,0.0,6153.0,0.0,0.0,0.0,0.0,37.0,3325.0,359.0,1079860.0,63007.0,Europe
41,Singapore,Asia,5854932.0,54555,0.0,27.0,0.0,48031.0,0.0,6497.0,217.07892822966514,9318.0,5.0,1474372.0,251817.0,WesternPacific
42,Guatemala,North America,17946899.0,54339,0.0,2119.0,0.0,42070.0,0.0,10150.0,5.0,3028.0,118.0,172712.0,9624.0,Americas
43,Portugal,Europe,10193593.0,52061,0.0,1743.0,0.0,37840.0,0.0,12478.0,42.0,5107.0,171.0,1705474.0,167308.0,Europe
44,Poland,Europe,37842302.0,49515,0.0,1774.0,0.0,35642.0,0.0,12099.0,72.0,1308.0,47.0,2374686.0,62752.0,Europe
45,Nigeria,Africa,206606300.0,45244,0.0,930.0,0.0,32430.0,0.0,11884.0,7.0,219.0,5.0,306894.0,1485.0,Africa
46,Honduras,North America,9919704.0,45098,0.0,1423.0,0.0,6116.0,0.0,37559.0,52.0,4546.0,143.0,109292.0,11018.0,Americas
47,Bahrain,Asia,1706669.0,42889,0.0,156.0,0.0,39945.0,0.0,2788.0,41.0,25130.0,91.0,876700.0,513691.0,EasternMediterranean
48,Japan,Asia,126435859.0,42263,0.0,1026.0,0.0,28877.0,0.0,12360.0,115.0,334.0,8.0,938739.0,7425.0,WesternPacific
49,Armenia,Asia,2963811.0,39819,0.0,772.0,0.0,31556.0,0.0,7491.0,217.07892822966514,13435.0,260.0,171600.0,57898.0,Europe
50,Ghana,Africa,31133483.0,39642,0.0,199.0,0.0,36384.0,0.0,3059.0,7.0,1273.0,6.0,405817.0,13035.0,Africa
51,Kyrgyzstan,Asia,6534479.0,38659,0.0,1447.0,0.0,30099.0,0.0,7113.0,24.0,5916.0,221.0,267718.0,40970.0,Europe
52,Afghanistan,Asia,39009447.0,36896,0.0,1298.0,0.0,25840.0,0.0,9758.0,31.0,946.0,33.0,90396.0,2317.0,EasternMediterranean
53,Switzerland,Europe,8660952.0,36108,0.0,1985.0,0.0,31600.0,0.0,2523.0,23.0,4169.0,229.0,822764.0,94997.0,Europe
54,Algeria,Africa,43926079.0,33626,0.0,1273.0,0.0,23238.0,0.0,9115.0,57.0,766.0,29.0,58137.0,1.3235213768610846e-05,Africa
55,Azerbaijan,Asia,10148243.0,33247,0.0,479.0,0.0,29275.0,0.0,3493.0,66.0,3276.0,47.0,766179.0,75499.0,Europe
56,Morocco,Africa,36953359.0,29644,0.0,449.0,0.0,20553.0,0.0,8642.0,31.0,802.0,12.0,1383816.0,37448.0,EasternMediterranean
57,Uzbekistan,Asia,33516027.0,28315,0.0,175.0,0.0,19291.0,0.0,8849.0,228.0,845.0,5.0,1377915.0,41112.0,Europe
58,Serbia,Europe,8733665.0,27332,0.0,621.0,0.0,14047.0,0.0,12664.0,120.0,3129.0,71.0,723137.0,82799.0,Europe
59,Moldova,Europe,4032983.0,26628,0.0,828.0,0.0,18676.0,0.0,7124.0,362.0,6603.0,205.0,128076.0,31757.0,Europe
60,Ireland,Europe,4943200.0,26372,0.0,1768.0,0.0,23364.0,0.0,1240.0,5.0,5335.0,358.0,652917.0,132084.0,Europe
61,Kenya,Africa,53881160.0,24411,0.0,399.0,0.0,10444.0,0.0,13568.0,44.0,453.0,7.0,335318.0,6223.0,Africa
62,Venezuela,South America,28427499.0,22299,0.0,195.0,0.0,12146.0,0.0,9958.0,42.0,784.0,7.0,1567431.0,55138.0,Americas
63,Nepal,Asia,29186486.0,21750,0.0,65.0,0.0,15389.0,0.0,6296.0,217.07892822966514,745.0,2.0,731977.0,25079.0,South-EastAsia
64,Austria,Europe,9011577.0,21696,0.0,719.0,0.0,19596.0,0.0,1381.0,25.0,2408.0,80.0,937275.0,104008.0,Europe
65,Costa Rica,North America,5098730.0,21070,0.0,200.0,0.0,7038.0,0.0,13832.0,103.0,4132.0,39.0,96110.0,18850.0,Americas
66,Ethiopia,Africa,115223736.0,20900,0.0,365.0,0.0,9027.0,0.0,11508.0,185.0,181.0,3.0,468814.0,4069.0,Africa
67,Australia,Australia/Oceania,25528864.0,19890,0.0,255.0,0.0,10941.0,0.0,8694.0,52.0,779.0,10.0,4631419.0,181419.0,WesternPacific
68,El Salvador,North America,6489514.0,19126,0.0,513.0,0.0,9236.0,0.0,9377.0,509.0,2947.0,79.0,251271.0,38720.0,Americas
69,Czechia,Europe,10711019.0,17731,0.0,390.0,0.0,12320.0,0.0,5021.0,17.0,1655.0,36.0,728670.0,68030.0,Europe
70,Cameroon,Africa,26606188.0,17718,0.0,391.0,0.0,15320.0,0.0,2007.0,30.0,666.0,15.0,149000.0,5600.0,Africa
71,Ivory Coast,Africa,26437950.0,16447,0.0,103.0,0.0,12484.0,0.0,3860.0,217.07892822966514,622.0,4.0,104584.0,3956.0,Africa
72,S. Korea,Asia,51273732.0,14519,20.0,303.0,1.0,13543.0,42.0,673.0,18.0,283.0,6.0,1613652.0,31471.0,WesternPacific
73,Denmark,Europe,5794279.0,14306,0.0,617.0,0.0,12787.0,0.0,902.0,2.0,2469.0,106.0,1654512.0,285542.0,Europe
74,Palestine,Asia,5112340.0,13398,0.0,92.0,0.0,6907.0,0.0,6399.0,217.07892822966514,2621.0,18.0,200280.0,39176.0,EasternMediterranean
75,Bosnia and Herzegovina,Europe,3278650.0,13396,0.0,384.0,0.0,7042.0,0.0,5970.0,217.07892822966514,4086.0,117.0,147021.0,44842.0,Europe
76,Bulgaria,Europe,6942854.0,13014,0.0,435.0,0.0,7374.0,0.0,5205.0,47.0,1874.0,63.0,294087.0,42358.0,Europe
77,Madagascar,Africa,27755708.0,12526,0.0,134.0,0.0,10148.0,0.0,2244.0,88.0,451.0,5.0,46301.0,1668.0,Africa
78,Sudan,Africa,43943536.0,11780,0.0,763.0,0.0,6194.0,0.0,4823.0,217.07892822966514,268.0,17.0,401.0,9.0,EasternMediterranean
79,North Macedonia,Europe,2083365.0,11399,0.0,517.0,0.0,7480.0,0.0,3402.0,3.0,5471.0,248.0,109946.0,52773.0,Europe
80,Senegal,Africa,16783877.0,10715,0.0,223.0,0.0,7101.0,0.0,3391.0,33.0,638.0,13.0,114761.0,6838.0,Africa
81,Norway,Europe,5425471.0,9468,0.0,256.0,0.0,8857.0,0.0,355.0,3.0,1745.0,47.0,472841.0,87152.0,Europe
82,DRC,Africa,89802183.0,9309,0.0,215.0,0.0,8048.0,0.0,1046.0,217.07892822966514,104.0,2.0,17572.0,1.956747113931634e-06,Africa
83,Malaysia,Asia,32406372.0,9038,0.0,125.0,0.0,8713.0,0.0,200.0,2.0,279.0,4.0,991333.0,30591.0,WesternPacific
84,French Guiana,South America,299385.0,8127,0.0,47.0,0.0,7240.0,0.0,840.0,23.0,27146.0,157.0,41412.0,138324.0,None
85,Gabon,Africa,2230563.0,7787,0.0,51.0,0.0,5609.0,0.0,2127.0,11.0,3491.0,23.0,85369.0,38272.0,Africa
86,Tajikistan,Asia,9557468.0,7665,0.0,62.0,0.0,6443.0,0.0,1160.0,217.07892822966514,802.0,6.0,14170.0,1.4826207964509174e-05,Europe
87,Guinea,Africa,13164905.0,7664,0.0,49.0,0.0,6757.0,0.0,858.0,24.0,582.0,4.0,14407.0,1094.0,Africa
88,Haiti,North America,11416103.0,7544,0.0,171.0,0.0,4832.0,0.0,2541.0,217.07892822966514,661.0,15.0,18443.0,1616.0,Americas
89,Finland,Europe,5541604.0,7532,0.0,331.0,0.0,6980.0,0.0,221.0,217.07892822966514,1359.0,60.0,389500.0,70287.0,Europe
90,Zambia,Africa,18430129.0,7164,0.0,199.0,0.0,5786.0,0.0,1179.0,217.07892822966514,389.0,11.0,90307.0,4900.0,Africa
91,Luxembourg,Europe,626952.0,7073,0.0,119.0,0.0,5750.0,0.0,1204.0,9.0,11282.0,190.0,623994.0,995282.0,Europe
92,Mauritania,Africa,4660728.0,6444,0.0,157.0,0.0,5291.0,0.0,996.0,3.0,1383.0,34.0,57387.0,12313.0,Africa
93,Paraguay,South America,7141091.0,6375,0.0,66.0,0.0,4974.0,0.0,1335.0,23.0,893.0,9.0,135277.0,18943.0,Americas
94,Albania,Europe,2877470.0,6016,0.0,188.0,0.0,3155.0,0.0,2673.0,23.0,2091.0,65.0,38997.0,13553.0,Europe
95,Lebanon,Asia,6822220.0,5672,0.0,70.0,0.0,1974.0,0.0,3628.0,46.0,831.0,10.0,345268.0,50609.0,EasternMediterranean
96,Croatia,Europe,4102577.0,5404,0.0,155.0,0.0,4688.0,0.0,561.0,7.0,1317.0,38.0,125317.0,30546.0,Europe
97,Djibouti,Africa,989387.0,5330,0.0,59.0,0.0,5057.0,0.0,214.0,217.07892822966514,5387.0,60.0,59909.0,60552.0,EasternMediterranean
98,Greece,Europe,10417673.0,5123,0.0,210.0,0.0,1374.0,0.0,3539.0,14.0,492.0,20.0,619393.0,59456.0,Europe
99,Libya,Africa,6880353.0,4879,0.0,107.0,0.0,652.0,0.0,4120.0,217.07892822966514,709.0,16.0,59699.0,8677.0,EasternMediterranean
100,Equatorial Guinea,Africa,1407001.0,4821,0.0,83.0,0.0,2182.0,0.0,2556.0,217.07892822966514,3426.0,59.0,44356.0,31525.0,Africa
101,Maldives,Asia,541448.0,4680,0.0,19.0,0.0,2725.0,0.0,1936.0,12.0,8643.0,35.0,85587.0,158071.0,South-EastAsia
102,CAR,Africa,4837752.0,4620,0.0,59.0,0.0,1641.0,0.0,2920.0,2.0,955.0,12.0,29589.0,6116.0,None
103,Hungary,Europe,9657785.0,4597,0.0,600.0,0.0,3463.0,0.0,534.0,8.0,476.0,62.0,352546.0,36504.0,Europe
104,Malawi,Africa,19174839.0,4491,0.0,137.0,0.0,2137.0,0.0,2217.0,4.0,234.0,7.0,33466.0,1745.0,Africa
105,Zimbabwe,Africa,14883803.0,4339,0.0,84.0,0.0,1264.0,0.0,2991.0,217.07892822966514,292.0,6.0,140421.0,9434.0,Africa
106,Nicaragua,North America,6632263.0,3902,0.0,123.0,0.0,2913.0,0.0,866.0,217.07892822966514,588.0,19.0,6938.0,1.046108380326287e-05,Americas
107,Hong Kong,Asia,7503041.0,3850,0.0,46.0,0.0,2458.0,0.0,1346.0,39.0,513.0,6.0,692430.0,92287.0,WesternPacific
108,Congo,Africa,5530506.0,3546,0.0,58.0,0.0,1589.0,0.0,1899.0,217.07892822966514,641.0,10.0,5193.0,9.389747762408462e-06,Africa
109,Montenegro,Europe,628074.0,3480,0.0,60.0,0.0,2178.0,0.0,1242.0,217.07892822966514,5541.0,96.0,38427.0,61182.0,Europe
110,Thailand,Asia,69817894.0,3330,0.0,58.0,0.0,3148.0,0.0,124.0,1.0,48.0,0.8,749213.0,10731.0,South-EastAsia
111,Somalia,Africa,15933012.0,3227,0.0,93.0,0.0,1728.0,0.0,1406.0,2.0,203.0,6.0,5048.0,3.1682671185589657e-06,EasternMediterranean
112,Mayotte,Africa,273419.0,3042,0.0,39.0,0.0,2738.0,0.0,265.0,2.0,11126.0,143.0,13000.0,47546.0,None
113,Eswatini,Africa,1161348.0,2968,0.0,55.0,0.0,1476.0,0.0,1437.0,5.0,2556.0,47.0,20784.0,17896.0,Africa
114,Sri Lanka,Asia,21422362.0,2839,0.0,11.0,0.0,2541.0,0.0,287.0,1.0,133.0,0.5,166737.0,7783.0,South-EastAsia
115,Cuba,North America,11325899.0,2775,0.0,88.0,0.0,2409.0,0.0,278.0,4.0,245.0,8.0,285471.0,25205.0,Americas
116,Cabo Verde,Africa,556581.0,2734,0.0,27.0,0.0,2010.0,0.0,697.0,217.07892822966514,4912.0,49.0,61633.0,110735.0,Africa
117,Namibia,Africa,2545264.0,2652,0.0,15.0,0.0,563.0,0.0,2074.0,24.0,1042.0,6.0,29233.0,11485.0,Africa
118,Mali,Africa,20302901.0,2552,0.0,124.0,0.0,1954.0,0.0,474.0,217.07892822966514,126.0,6.0,25152.0,1239.0,Africa
119,Slovakia,Europe,5459915.0,2480,0.0,29.0,0.0,1824.0,0.0,627.0,2.0,454.0,5.0,272322.0,49877.0,Europe
120,South Sudan,Africa,11206572.0,2450,0.0,47.0,0.0,1175.0,0.0,1228.0,217.07892822966514,219.0,4.0,12044.0,1075.0,Africa
121,Slovenia,Europe,2078968.0,2223,0.0,125.0,0.0,1909.0,0.0,189.0,2.0,1069.0,60.0,135702.0,65274.0,Europe
122,Lithuania,Europe,2718121.0,2171,0.0,81.0,0.0,1656.0,0.0,434.0,6.0,799.0,30.0,540784.0,198955.0,Europe
123,Estonia,Europe,1326627.0,2124,0.0,63.0,0.0,1954.0,0.0,107.0,217.07892822966514,1601.0,47.0,122880.0,92626.0,Europe
124,Mozambique,Africa,31333962.0,2120,0.0,15.0,0.0,795.0,0.0,1310.0,217.07892822966514,68.0,0.5,65151.0,2079.0,Africa
125,Rwanda,Africa,12981546.0,2111,0.0,5.0,0.0,1258.0,0.0,848.0,217.07892822966514,163.0,0.4,286251.0,22051.0,Africa
126,Suriname,South America,587154.0,2096,0.0,29.0,0.0,1446.0,0.0,621.0,9.0,3570.0,49.0,2785.0,4743.0,Americas
127,Guinea-Bissau,Africa,1972277.0,2032,0.0,27.0,0.0,944.0,0.0,1061.0,5.0,1030.0,14.0,1500.0,761.0,Africa
128,Benin,Africa,12151976.0,1936,0.0,38.0,0.0,1600.0,0.0,298.0,1.0,159.0,3.0,93677.0,7709.0,Africa
129,Iceland,Europe,341465.0,1930,0.0,10.0,0.0,1825.0,0.0,95.0,217.07892822966514,5652.0,29.0,149693.0,438385.0,Europe
130,Sierra Leone,Africa,7992169.0,1877,0.0,67.0,0.0,1427.0,0.0,383.0,217.07892822966514,235.0,8.0,3371.0,4.21791519125136e-06,Africa
131,Yemen,Asia,29886897.0,1768,0.0,508.0,0.0,898.0,0.0,362.0,217.07892822966514,59.0,17.0,120.0,4.0,EasternMediterranean
132,Tunisia,Africa,11830801.0,1642,0.0,51.0,0.0,1241.0,0.0,350.0,9.0,139.0,4.0,100298.0,8478.0,EasternMediterranean
133,New Zealand,Australia/Oceania,5002100.0,1569,0.0,22.0,0.0,1524.0,0.0,23.0,217.07892822966514,314.0,4.0,486943.0,97348.0,WesternPacific
134,Angola,Africa,32956300.0,1483,0.0,64.0,0.0,520.0,0.0,899.0,20.0,45.0,2.0,64747.0,1965.0,Africa
135,Uruguay,South America,3474956.0,1318,0.0,37.0,0.0,1079.0,0.0,202.0,2.0,379.0,11.0,126956.0,36535.0,Americas
136,Latvia,Europe,1883936.0,1275,0.0,32.0,0.0,1070.0,0.0,173.0,217.07892822966514,677.0,17.0,207909.0,110359.0,Europe
137,Jordan,Asia,10213138.0,1232,0.0,11.0,0.0,1171.0,0.0,50.0,3.0,121.0,1.0,628745.0,61562.0,EasternMediterranean
138,Liberia,Africa,5068618.0,1224,0.0,78.0,0.0,705.0,0.0,441.0,217.07892822966514,241.0,15.0,2007.0,3.959673282563232e-06,Africa
139,Uganda,Africa,45867852.0,1223,0.0,5.0,0.0,1102.0,0.0,116.0,217.07892822966514,27.0,0.1,288367.0,6287.0,Africa
140,Cyprus,Asia,1208238.0,1208,0.0,19.0,0.0,856.0,0.0,333.0,217.07892822966514,1000.0,16.0,216597.0,179267.0,Europe
141,Georgia,Asia,3988368.0,1206,0.0,17.0,0.0,987.0,0.0,202.0,217.07892822966514,302.0,4.0,240473.0,60294.0,Europe
142,Burkina Faso,Africa,20954852.0,1158,0.0,54.0,0.0,961.0,0.0,143.0,217.07892822966514,55.0,3.0,2173.0,1.036993910703037e-06,Africa
143,Niger,Africa,24281433.0,1153,0.0,69.0,0.0,1057.0,0.0,27.0,217.07892822966514,47.0,3.0,9052.0,373.0,Africa
144,Togo,Africa,8296582.0,1012,0.0,22.0,0.0,697.0,0.0,293.0,2.0,122.0,3.0,45767.0,5516.0,Africa
145,Syria,Asia,17539600.0,999,0.0,48.0,0.0,311.0,0.0,640.0,217.07892822966514,57.0,3.0,1358.0,7.742479874113435e-07,EasternMediterranean
146,Jamaica,North America,2962478.0,958,30.0,12.0,0.0,745.0,0.0,201.0,217.07892822966514,323.0,4.0,41840.0,14123.0,Americas
147,Malta,Europe,441663.0,946,0.0,9.0,0.0,670.0,0.0,267.0,217.07892822966514,2142.0,20.0,136713.0,309541.0,Europe
148,Andorra,Europe,77278.0,944,0.0,52.0,0.0,828.0,0.0,64.0,1.0,12216.0,673.0,3750.0,48526.0,Europe
149,Chad,Africa,16467965.0,942,0.0,76.0,0.0,838.0,0.0,28.0,217.07892822966514,57.0,5.0,1856.0,1.1270410920639547e-06,Africa
150,Gambia,Africa,2422754.0,935,0.0,16.0,0.0,136.0,0.0,783.0,217.07892822966514,386.0,7.0,5183.0,2139.0,Africa
151,Sao Tome and Principe,Africa,219544.0,878,0.0,15.0,0.0,797.0,0.0,66.0,217.07892822966514,3999.0,68.0,3079.0,14025.0,Africa
152,Botswana,Africa,2356075.0,804,0.0,2.0,0.0,63.0,0.0,739.0,1.0,341.0,0.8,68423.0,29041.0,Africa
153,Bahamas,North America,393616.0,761,0.0,14.0,0.0,91.0,0.0,656.0,1.0,1933.0,36.0,4814.0,12230.0,Americas
154,Vietnam,Asia,97425470.0,747,0.0,10.0,0.0,392.0,0.0,345.0,217.07892822966514,8.0,0.1,482456.0,4952.0,WesternPacific
155,Lesotho,Africa,2143943.0,742,0.0,23.0,0.0,175.0,0.0,544.0,217.07892822966514,346.0,11.0,8771.0,4091.0,Africa
156,Diamond Princess,Asia,30415486.0,712,0.0,13.0,0.0,651.0,0.0,48.0,4.0,23.733333333333334,0.43333333333333335,1376.0,4.5240240141507264e-07,None
157,San Marino,Europe,33938.0,699,0.0,42.0,0.0,657.0,0.0,0.0,0.0,20596.0,1238.0,6068.0,178797.0,Europe
158,Réunion,Africa,895952.0,671,0.0,5.0,0.0,592.0,0.0,74.0,3.0,749.0,6.0,35419.0,39532.0,None
159,Channel Islands,Europe,174022.0,597,0.0,47.0,0.0,533.0,0.0,17.0,217.07892822966514,3431.0,270.0,30721.0,176535.0,None
160,Guyana,South America,786936.0,538,0.0,22.0,0.0,189.0,0.0,327.0,2.0,684.0,28.0,5165.0,6563.0,Americas
161,Tanzania,Africa,59886383.0,509,0.0,21.0,0.0,183.0,0.0,305.0,7.0,8.0,0.4,713.0,1.1905895004366608e-07,Africa
162,Taiwan,Asia,23821199.0,477,0.0,7.0,0.0,443.0,0.0,27.0,217.07892822966514,20.0,0.3,82737.0,3473.0,WesternPacific
163,Comoros,Africa,871326.0,396,0.0,7.0,0.0,340.0,0.0,49.0,217.07892822966514,454.0,8.0,743.0,8.527487662114081e-06,Africa
164,Burundi,Africa,11922216.0,395,0.0,1.0,0.0,304.0,0.0,90.0,217.07892822966514,33.0,0.08,15614.0,1310.0,Africa
165,Myanmar,Asia,54446389.0,357,0.0,6.0,0.0,308.0,0.0,43.0,217.07892822966514,7.0,0.1,122290.0,2246.0,South-EastAsia
166,Mauritius,Africa,1271985.0,344,0.0,10.0,0.0,334.0,0.0,0.0,0.0,270.0,8.0,205285.0,161389.0,Africa
167,Isle of Man,Europe,85078.0,336,0.0,24.0,0.0,312.0,0.0,0.0,0.0,3949.0,282.0,8627.0,101401.0,None
168,Mongolia,Asia,3283344.0,293,0.0,0.0,0.0,260.0,0.0,33.0,1.0,89.0,0.0,38334.0,11675.0,WesternPacific
169,Eritrea,Africa,3551175.0,282,0.0,0.0,0.0,225.0,0.0,57.0,217.07892822966514,79.0,0.0,507.0,1.427726619920588e-06,Africa
170,Guadeloupe,North America,400131.0,279,0.0,14.0,0.0,179.0,0.0,86.0,217.07892822966514,697.0,35.0,18476.0,46175.0,None
171,Martinique,North America,375235.0,276,0.0,15.0,0.0,98.0,0.0,163.0,1.0,736.0,40.0,12227.0,32585.0,None
172,Faeroe Islands,Europe,48882.0,266,0.0,0.0,0.0,192.0,0.0,74.0,1.0,5442.0,0.0,43045.0,880590.0,None
173,Aruba,North America,106812.0,263,0.0,3.0,0.0,114.0,0.0,146.0,217.07892822966514,2462.0,28.0,14047.0,131511.0,None
174,Cambodia,Asia,16741375.0,243,0.0,0.0,0.0,210.0,0.0,33.0,1.0,15.0,0.0,67807.0,4050.0,WesternPacific
175,Trinidad and Tobago,North America,1399950.0,210,0.0,8.0,0.0,135.0,0.0,67.0,217.07892822966514,150.0,6.0,9559.0,6828.0,Americas
176,Cayman Islands,North America,65798.0,203,0.0,1.0,0.0,202.0,0.0,0.0,0.0,3085.0,15.0,31108.0,472780.0,None
177,Gibraltar,Europe,33690.0,190,0.0,0.0,0.0,184.0,0.0,6.0,217.07892822966514,5640.0,0.0,23063.0,684565.0,None
178,Papua New Guinea,Australia/Oceania,8963009.0,163,0.0,3.0,0.0,53.0,0.0,107.0,217.07892822966514,18.0,0.3,10808.0,1206.0,WesternPacific
179,Sint Maarten,North America,42924.0,160,0.0,16.0,0.0,64.0,0.0,80.0,3.0,3728.0,373.0,1115.0,25976.0,None
180,Bermuda,North America,62254.0,157,0.0,9.0,0.0,144.0,0.0,4.0,217.07892822966514,2522.0,145.0,26352.0,423298.0,Americas
181,Brunei ,Asia,437893.0,141,0.0,3.0,0.0,138.0,0.0,0.0,0.0,322.0,7.0,41148.0,93968.0,None
182,Barbados,North America,287411.0,133,0.0,7.0,0.0,100.0,0.0,26.0,217.07892822966514,463.0,24.0,12233.0,42563.0,Americas
183,Turks and Caicos,North America,38768.0,129,0.0,2.0,0.0,39.0,0.0,88.0,3.0,3327.0,52.0,1252.0,32295.0,None
184,Seychelles,Africa,98408.0,126,0.0,0.0,0.0,124.0,0.0,2.0,217.07892822966514,1280.0,0.0,250.0,2.5406504065040654e-05,Africa
185,Monaco,Europe,39270.0,125,0.0,4.0,0.0,105.0,0.0,16.0,2.0,3183.0,102.0,38209.0,972982.0,Europe
186,Bhutan,Asia,772443.0,105,0.0,0.0,0.0,93.0,0.0,12.0,217.07892822966514,136.0,0.0,54589.0,70671.0,South-EastAsia
187,Antigua and Barbuda,North America,98010.0,92,0.0,3.0,0.0,76.0,0.0,13.0,1.0,939.0,31.0,1500.0,15305.0,Americas
188,Liechtenstein,Europe,38139.0,89,0.0,1.0,0.0,85.0,0.0,3.0,217.07892822966514,2334.0,26.0,900.0,23598.0,Europe
189,Belize,North America,398312.0,86,0.0,2.0,0.0,31.0,0.0,53.0,2.0,216.0,5.0,3679.0,9236.0,Americas
190,French Polynesia,Australia/Oceania,281072.0,64,0.0,0.0,0.0,62.0,0.0,2.0,217.07892822966514,228.0,0.0,5849.0,20810.0,None
191,St. Vincent Grenadines,North America,110976.0,56,0.0,0.0,0.0,46.0,0.0,10.0,217.07892822966514,505.0,0.0,2447.0,22050.0,None
192,Saint Martin,North America,38729.0,53,0.0,3.0,0.0,41.0,0.0,9.0,1.0,1368.0,77.0,1183.0,30546.0,None
193,Macao,Asia,650193.0,46,0.0,0.0,0.0,46.0,0.0,0.0,0.0,71.0,0.0,4071.0,6261.0,None
194,Curaçao,North America,164161.0,31,0.0,1.0,0.0,28.0,0.0,2.0,217.07892822966514,189.0,6.0,1080.0,6579.0,None
195,Fiji,Australia/Oceania,897095.0,27,0.0,1.0,0.0,18.0,0.0,8.0,217.07892822966514,30.0,1.0,6693.0,7461.0,WesternPacific
196,Saint Lucia,North America,183712.0,25,0.0,0.0,0.0,24.0,0.0,1.0,217.07892822966514,136.0,0.0,3895.0,21202.0,Americas
197,Timor-Leste,Asia,1320812.0,25,0.0,0.0,0.0,24.0,0.0,1.0,217.07892822966514,19.0,0.0,4238.0,3209.0,South-EastAsia
198,Grenada,North America,112576.0,24,0.0,0.0,0.0,23.0,0.0,1.0,217.07892822966514,213.0,0.0,6252.0,55536.0,Americas
199,New Caledonia,Australia/Oceania,285769.0,22,0.0,0.0,0.0,22.0,0.0,0.0,0.0,77.0,0.0,11099.0,38839.0,None
200,Laos,Asia,7285750.0,20,0.0,0.0,0.0,19.0,0.0,1.0,217.07892822966514,3.0,0.0,29374.0,4032.0,WesternPacific
201,Dominica,North America,72004.0,18,0.0,0.0,0.0,18.0,0.0,0.0,0.0,250.0,0.0,1005.0,13958.0,Americas
202,Saint Kitts and Nevis,North America,53237.0,17,0.0,0.0,0.0,16.0,0.0,1.0,217.07892822966514,319.0,0.0,1146.0,21526.0,Americas
203,Greenland,North America,56780.0,14,0.0,0.0,0.0,14.0,0.0,0.0,0.0,247.0,0.0,5977.0,105266.0,Europe
204,Montserrat,North America,4992.0,13,0.0,1.0,0.0,10.0,0.0,2.0,217.07892822966514,2604.0,200.0,61.0,12220.0,None
205,Caribbean Netherlands,North America,26247.0,13,0.0,0.0,0.0,7.0,0.0,6.0,217.07892822966514,495.0,0.0,424.0,16154.0,None
206,Falkland Islands,South America,3489.0,13,0.0,0.0,0.0,13.0,0.0,0.0,0.0,3726.0,0.0,1816.0,520493.0,None
207,Vatican City,Europe,801.0,12,0.0,0.0,0.0,12.0,0.0,0.0,0.0,14981.0,0.0,24.0,0.0003,Europe
208,Western Sahara,Africa,598682.0,10,0.0,1.0,0.0,8.0,0.0,1.0,217.07892822966514,17.0,2.0,19.0,3.174072836618777e-07,Africa
